
[[5, 3, 0], [4, 3, 1], [3, 3, 2], [2, 3, 3], [1, 3, 4], [5, 4, 5], [4, 4, 6], [3, 4, 7], [2, 4, 8], [1, 4, 9], [5, 5, 10], [4, 5, 11], [3, 5, 12], [2, 5, 13], [1, 5, 14]]rejouer
[]rejouer
[[5, 3, 0]]rejouer
[[5, 3, 0]]rejouer
[[5, 3, 0], [5, 2, 1]]rejouer
[[5, 3, 0]]rejouer
[]rejouer
[[5, 3, 0]]rejouer
[[5, 0, 0], [4, 0, 1], [3, 0, 2], [2, 0, 3], [1, 0, 4], [0, 0, 5], [5, 1, 6], [4, 1, 7], [3, 1, 8], [2, 1, 9], [1, 1, 10], [0, 1, 11], [5, 6, 12], [4, 6, 13], [3, 6, 14], [2, 6, 15], [1, 6, 16], [0, 6, 17], [5, 5, 18], [4, 5, 19], [3, 5, 20], [2, 5, 21], [1, 5, 22], [5, 2, 23], [4, 2, 24], [3, 2, 25], [2, 2, 26], [1, 2, 27], [0, 2, 28], [0, 5, 29], [5, 3, 30], [4, 3, 31], [3, 3, 32], [2, 3, 33], [1, 3, 34], [0, 3, 35]]rejouer
[[5, 3, 0], [4, 3, 1], [3, 3, 2], [5, 4, 3], [4, 4, 4], [5, 5, 5], [3, 4, 6], [4, 5, 7]]rejouer
[[5, 2, 0], [4, 2, 1], [3, 2, 2], [5, 3, 3], [4, 3, 4], [5, 4, 5], [3, 3, 6]]rejouer
[[5, 0, 0], [5, 3, 1], [4, 3, 2], [3, 3, 3], [5, 4, 4], [4, 4, 5], [5, 5, 6], [3, 4, 7], [4, 5, 8], [3, 5, 9], [5, 6, 10]]rejouer
[[5, 2, 0], [4, 2, 1], [3, 2, 2], [5, 3, 3], [4, 3, 4], [5, 4, 5], [3, 3, 6], [4, 4, 7], [3, 4, 8], [5, 5, 9], [4, 5, 10], [3, 5, 11], [2, 5, 12]]victoire1
[[5, 2, 0], [4, 2, 1], [5, 3, 2], [4, 3, 3], [5, 4, 4], [4, 4, 5], [5, 5, 6]]victoire1
[[5, 2, 0], [4, 2, 1], [5, 3, 2], [4, 3, 3], [5, 4, 4], [4, 4, 5], [5, 5, 6], [4, 5, 7]]victoire1
[[5, 2, 0], [4, 2, 1], [5, 3, 2], [4, 3, 3], [5, 4, 4], [4, 4, 5], [5, 5, 6]]victoire1
[[5, 2, 0], [4, 2, 1], [3, 2, 2], [2, 2, 3], [5, 3, 4], [4, 3, 5], [5, 4, 6], [4, 4, 7], [5, 5, 8]]victoire1
[[5, 2, 0], [4, 2, 1], [5, 3, 2], [4, 3, 3], [5, 5, 4], [4, 5, 5], [5, 4, 6]]victoire1
[[5, 2, 0], [4, 2, 1], [5, 3, 2], [4, 3, 3], [5, 5, 4], [4, 5, 5], [5, 4, 6], [4, 4, 7]]victoire1
[[5, 2, 0], [4, 2, 1], [5, 3, 2], [4, 3, 3], [5, 4, 4], [4, 4, 5], [5, 5, 6]]victoire1
[[5, 2, 0], [4, 2, 1], [5, 3, 2], [4, 3, 3], [5, 4, 4], [4, 4, 5], [5, 5, 6]]victoire1
[[5, 2, 0], [4, 2, 1], [5, 3, 2], [4, 3, 3], [5, 4, 4], [4, 4, 5], [3, 4, 6], [2, 4, 7], [5, 5, 8]]victoire1
[[5, 2, 0], [4, 2, 1], [5, 3, 2], [4, 3, 3], [5, 4, 4], [4, 4, 5], [3, 4, 6], [2, 4, 7], [5, 5, 8], [4, 5, 9]]victoire1
[[5, 2, 0], [4, 2, 1], [5, 3, 2], [4, 3, 3], [5, 4, 4], [4, 4, 5], [5, 5, 6]]victoire1
[[5, 2, 0], [4, 2, 1], [5, 3, 2], [4, 3, 3], [5, 4, 4], [4, 4, 5], [5, 5, 6]]victoire1
[[5, 2, 0], [4, 2, 1], [5, 3, 2], [4, 3, 3], [5, 4, 4], [4, 4, 5], [5, 5, 6]]victoire1
[[5, 2, 0], [4, 2, 1], [5, 3, 2], [4, 3, 3], [5, 4, 4], [4, 4, 5], [5, 5, 6]]victoire1
[[5, 2, 0], [4, 2, 1], [5, 3, 2], [4, 3, 3], [5, 4, 4], [4, 4, 5], [5, 5, 6]]victoire1
[[5, 2, 0], [4, 2, 1], [5, 3, 2], [4, 3, 3], [5, 4, 4], [4, 4, 5], [5, 5, 6]]victoire1
[[5, 2, 0], [4, 2, 1], [5, 3, 2], [4, 3, 3], [5, 4, 4], [4, 4, 5], [5, 5, 6], [4, 5, 7]]victoire1
[[5, 2, 0], [4, 2, 1], [5, 3, 2], [4, 3, 3], [5, 4, 4], [4, 4, 5], [5, 5, 6]]victoire1
[[5, 3, 0], [4, 3, 1], [5, 4, 2], [4, 4, 3], [5, 5, 4], [4, 5, 5], [5, 2, 6]]victoire1
[[5, 3, 0], [4, 3, 1], [5, 4, 2], [4, 4, 3], [5, 5, 4], [4, 5, 5], [5, 2, 6]]victoire1
[[5, 3, 0], [4, 3, 1], [5, 4, 2], [4, 4, 3], [5, 5, 4], [4, 5, 5], [5, 2, 6], [4, 2, 7]]victoire1
[[5, 2, 0], [4, 2, 1], [5, 3, 2], [4, 3, 3], [5, 4, 4], [4, 4, 5], [5, 5, 6]]victoire1
[[5, 2, 0], [4, 2, 1], [5, 3, 2], [4, 3, 3], [5, 4, 4], [4, 4, 5], [5, 5, 6]]victoire1
[[5, 2, 0], [4, 2, 1], [5, 3, 2], [4, 3, 3], [5, 4, 4], [4, 4, 5], [5, 5, 6], [4, 5, 7]]victoire1
[[5, 2, 0], [4, 2, 1], [5, 3, 2], [4, 3, 3], [5, 4, 4], [4, 4, 5], [5, 5, 6]]victoire1
[[5, 2, 0], [4, 2, 1], [5, 3, 2], [4, 3, 3], [5, 4, 4], [4, 4, 5], [5, 5, 6]]victoire1
[[5, 2, 0], [4, 2, 1], [5, 3, 2], [4, 3, 3], [5, 4, 4], [4, 4, 5], [5, 5, 6], [4, 5, 7]]victoire1
[[5, 2, 0], [5, 4, 1]]rejouer
[[5, 3, 0], [4, 3, 1], [5, 4, 2], [5, 2, 3], [5, 5, 4], [5, 6, 5]]rejouer
[[5, 3, 0], [4, 3, 1], [5, 4, 2], [5, 2, 3], [5, 5, 4], [5, 6, 5]]rejouer